10,196
10,10
10,190
10,82
10,210
10,188
10,132
10,228
10,2
10,3
9,7
9,6
9,4
8,7
8,4
8,13
8,10
99,7
99,6
99,5
99,4
99,3
99,2
99,1
99,0
98,4
98,3
98,2
98,1
98,0
90,4
90,3
90,2
90,1
90,0
87,4
87,3
87,2
87,1
87,0
85,5
85,4
85,3
85,2
85,1
85,0
78,5
78,4
78,3
78,2
78,1
78,0
77,4
77,3
77,2
77,1
77,0
76,3
76,2
76,1
76,0
75,4
75,3
75,2
75,1
75,0
74,4
74,3
74,2
74,1
67,3
67,1
20,3
20,2
20,1
19,3
19,2
19,1
18,3
18,1
14,3
14,1
13,3
13,1
12,3
12,2
12,1
11,30
11,29
11,27
11,26
11,25
11,24
11,23
11,22
11,21
11,20
11,19
11,18
11,17
11,16
11,15
11,14
11,13
11,12
11,11
11,10
11,9
11,8
11,7
11,6
11,5
11,1
11,4
11,3
11,2
10,229
10,209
