4294967294,0
4294967278,132
4294967278,131
4294967278,130
4294967278,129
4294967278,128
4294967278,127
4294967278,126
4294967278,125
4294967278,124
4294967278,123
4294967278,122
4294967278,121
4294967278,120
4294967278,119
4294967278,118
4294967278,117
4294967278,116
4294967278,115
4294967278,114
4294967278,113
4294967278,112
4294967278,111
4294967278,110
4294967278,109
4294967278,108
4294967278,107
4294967278,106
4294967278,105
4294967278,104
4294967278,103
4294967278,102
4294967278,101
4294967278,100
4294967278,99
4294967278,98
4294967278,97
4294967278,96
4294967278,95
4294967278,94
4294967278,93
4294967278,92
4294967278,91
4294967278,90
4294967278,89
4294967278,87
4294967278,86
4294967278,85
4294967278,84
4294967278,83
4294967278,82
4294967278,81
4294967278,80
4294967278,79
4294967278,78
4294967278,77
4294967278,76
4294967278,75
4294967278,74
4294967278,73
4294967278,72
4294967278,71
4294967278,70
4294967278,69
4294967278,68
4294967278,67
4294967278,66
4294967278,65
4294967278,64
4294967278,63
4294967278,62
4294967278,61
4294967278,60
4294967278,59
4294967278,58
4294967278,57
4294967278,56
4294967278,55
4294967278,54
4294967278,53
4294967278,52
4294967278,51
4294967278,50
4294967278,49
4294967278,48
4294967278,47
4294967278,46
4294967278,45
4294967278,44
4294967278,43
4294967278,42
4294967278,41
4294967278,40
4294967278,39
4294967278,38
4294967278,37
4294967278,36
4294967278,35
4294967278,34
4294967278,33
4294967278,32
4294967278,31
4294967278,30
4294967278,29
4294967278,28
4294967278,27
4294967278,26
4294967278,25
4294967278,24
4294967278,23
4294967278,22
4294967278,21
4294967278,20
4294967278,19
4294967278,18
4294967278,17
4294967278,16
4294967278,15
4294967278,14
4294967278,13
4294967278,12
4294967278,11
4294967278,10
4294967278,9
4294967278,8
4294967278,7
4294967278,6
4294967278,5
4294967278,4
4294967279,132
4294967279,131
4294967279,130
4294967279,129
4294967279,128
4294967279,127
4294967279,126
4294967279,125
4294967279,124
4294967279,123
4294967279,122
4294967279,121
4294967279,25
4294967279,24
4294967279,23
4294967279,22
4294967279,21
4294967279,20
4294967279,19
4294967279,18
4294967279,17
4294967279,16
4294967279,15
4294967279,14
4294967279,13
4294967279,12
4294967279,11
4294967279,10
4294967279,9
4294967279,8
4294967279,7
4294967279,6
4294967279,5
4294967279,4
4243767290,0
4294967278,319
4294967278,318
4294967278,317
4294967279,319
35,5
35,4
35,3
35,2
35,1
4294967294,1241
34,6
34,5
34,4
34,3
34,2
34,1
4294967294,1427
4294967294,430
4294967294,475
33,7
33,6
33,5
33,4
33,3
33,2
33,1
32,4
32,3
32,2
32,1
31,4
31,3
31,2
31,1
4294967294,1426
30,4
30,3
30,2
30,1
29,20
29,14
29,19
29,18
29,17
29,5
29,16
29,15
29,10
29,13
29,12
29,11
29,6
29,9
29,8
29,7
29,4
29,3
29,2
29,1
28,5
28,4
28,3
28,2
28,1
4294967294,1425
4294967294,1424
27,4
27,3
27,2
27,1
4294967294,474
26,6
26,5
26,4
26,3
26,2
26,1
25,19
25,18
25,17
25,16
25,15
25,14
25,13
25,12
25,11
25,10
25,9
25,8
25,7
25,6
25,5
25,4
25,3
25,2
25,1
24,116
24,115
24,114
4294967279,318
24,113
24,112
4294967279,317
24,111
24,110
24,109
4294967279,316
24,108
24,107
4294967279,315
24,106
24,105
24,104
4294967279,314
24,103
24,102
4294967279,313
24,101
24,100
24,99
4294967279,312
24,98
24,97
24,96
4294967279,311
24,95
24,94
4294967279,310
24,93
24,92
24,91
4294967279,309
24,90
24,89
4294967279,308
24,88
24,87
24,86
4294967279,307
24,85
24,84
24,83
4294967279,306
24,82
24,81
24,80
4294967278,316
24,79
24,78
24,77
4294967278,315
24,76
24,75
24,74
4294967278,314
24,73
24,72
4294967278,313
24,71
24,70
24,69
4294967278,312
24,68
24,67
4294967278,311
24,66
24,65
24,64
4294967278,310
24,36
24,35
24,34
4294967278,309
24,33
24,32
4294967278,308
24,31
24,30
24,29
4294967278,307
24,28
24,27
4294967278,306
24,26
24,25
24,24
4294967278,305
24,23
24,22
24,21
4294967278,304
24,20
24,19
4294967278,303
24,18
24,17
24,16
4294967278,302
24,15
24,14
4294967278,301
24,13
24,12
24,11
4294967278,300
24,10
24,9
4294967278,299
24,8
24,7
24,6
24,5
4294967278,298
24,4
24,3
24,2
24,1
23,6
23,5
23,4
23,3
23,2
23,1
22,4
22,3
22,2
22,1
4294967278,297
4294967279,305
4294967278,296
21,6
21,5
21,4
21,3
21,2
21,1
4294967278,295
20,5
20,4
20,3
20,2
20,1
4294967278,294
19,24
19,23
19,22
19,21
19,20
19,19
19,18
19,17
19,16
19,15
19,14
19,13
19,12
4294967279,304
19,11
19,10
19,9
4294967278,293
19,8
19,7
19,6
19,5
19,4
19,3
19,2
19,1
4294967278,292
4294967294,473
18,5
18,4
18,3
18,2
18,1
4294967278,291
17,5
17,4
17,3
17,2
17,1
16,4
16,3
16,2
16,1
4294967279,303
15,5
15,4
15,3
15,2
15,1
4294967279,302
14,5
14,4
14,3
14,2
14,1
4294967279,301
13,5
13,4
13,3
13,2
13,1
4294967279,300
4294967279,299
12,4
12,3
12,2
